61.000000
56.000000
68.000000
68.000000
64.000000
68.000000
73.000000
88.000000
101.000000
102.000000
108.000000
120.000000
124.000000
114.000000
119.000000
96.000000
97.000000
105.000000
102.000000
93.000000
83.000000
82.000000
84.000000
100.000000
109.000000
94.000000
73.000000
100.000000
92.000000
88.000000
87.000000
85.000000
82.000000
81.000000
108.000000
147.000000
121.000000
102.000000
232.200000
195.800000
164.800000
152.000000
129.600000
117.800000
115.200000
120.600000
142.200000
176.600000
232.000000
193.600000
150.400000
122.000000
116.400000
93.000000
91.600000
98.200000
118.800000
111.200000
165.400000
174.600000
215.800000
225.000000
230.800000
194.400000
157.800000
143.200000
134.400000
125.400000
113.200000
117.600000
169.000000
202.600000
233.600000
196.400000
161.200000
147.200000
134.400000
120.800000
109.800000
109.200000
99.600000
101.500000
122.200000
142.200000
159.200000
168.800000
167.000000
157.000000
132.000000
118.000000
114.200000
111.800000
114.800000
140.800000
124.200000
167.800000
173.800000
147.600000
134.400000
139.000000
131.000000
134.400000
127.200000
118.000000
119.600000
118.600000
137.600000
167.800000
178.000000
172.600000
165.200000
157.800000
142.400000
120.400000
114.600000
105.600000
99.400000
106.600000
117.800000
124.000000
156.400000
134.400000
124.000000
130.800000
115.400000
106.800000
106.000000
103.800000
117.200000
132.400000
139.400000
170.400000
183.400000
184.000000
163.200000
151.800000
127.000000
111.400000
102.400000
90.200000
98.400000
105.800000
107.000000
133.000000
159.400000
156.400000
138.800000
123.600000
112.800000
117.600000
120.600000
117.400000
111.000000
141.400000
157.800000
178.000000
195.400000
189.000000
180.800000
175.400000
147.200000
127.400000
121.200000
116.200000
107.400000
106.800000
136.600000
156.000000
175.200000
164.800000
140.800000
130.200000
121.800000
114.800000
122.000000
119.800000
122.800000
140.200000
151.000000
172.400000
188.000000
186.600000
174.600000
146.600000
134.000000
109.000000
104.200000
103.200000
100.000000
123.600000
150.600000
182.200000
178.000000
148.000000
118.000000
121.800000
117.400000
134.800000
135.400000
123.200000
102.200000
116.200000
138.400000
180.400000
201.000000
195.200000
168.200000
161.200000
159.400000
145.800000
128.400000
119.000000
114.600000
112.400000
119.600000
167.800000
201.000000
166.800000
127.800000
129.400000
108.600000
110.200000
112.800000
104.200000
102.200000
107.200000
130.000000
148.000000
176.200000
163.000000
157.000000
148.800000
141.800000
127.200000
127.800000
114.600000
121.200000
125.800000
132.400000
172.600000
204.400000
189.200000
137.800000
112.200000
107.400000
93.400000
115.400000
99.000000
104.400000
126.800000
144.200000
144.600000
163.800000
179.000000
188.200000
174.000000
146.600000
135.000000
121.000000
109.800000
112.800000
113.600000
141.500000
194.000000
188.400000
159.800000
129.000000
121.800000
115.800000
110.600000
103.600000
98.000000
95.000000
110.200000
126.000000
145.800000
165.600000
177.800000
172.000000
175.600000
161.800000
144.200000
121.200000
112.000000
101.200000
113.400000
119.000000
147.000000
159.800000
150.000000
150.000000
143.800000
123.800000
115.600000
118.600000
109.200000
105.200000
113.600000
113.800000
133.000000
170.200000
193.800000
177.400000
179.600000
162.200000
130.400000
102.200000
111.200000
111.400000
114.800000
128.000000
190.000000
208.000000
178.600000
138.000000
132.200000
121.600000
103.600000
97.800000
95.000000
91.200000
104.400000
125.600000
155.000000
195.600000
222.200000
225.200000
218.800000
191.400000
169.800000
143.000000
128.600000
120.000000
127.400000
139.000000
173.000000
182.200000
165.200000
137.400000
140.000000
116.800000
94.600000
94.000000
93.800000
89.000000
90.800000
112.600000
139.400000
142.800000
168.000000
160.400000
162.000000
140.600000
115.000000
100.800000
92.000000
97.600000
97.600000
109.400000
122.800000
118.400000
123.800000
117.800000
100.200000
99.400000
