337.200000
343.600000
347.600000
341.600000
323.400000
305.400000
293.800000
282.400000
275.000000
273.200000
274.200000
273.600000
260.600000
245.200000
226.000000
208.200000
190.600000
174.000000
177.000000
212.800000
245.000000
280.400000
308.200000
318.200000
331.600000
332.400000
315.000000
299.400000
282.400000
258.200000
258.200000
251.800000
250.400000
240.600000
243.200000
256.800000
220.000000
218.800000
225.200000
212.000000
198.000000
187.400000
202.400000
219.400000
238.400000
262.800000
292.200000
313.200000
322.200000
320.200000
316.800000
304.400000
297.200000
291.000000
281.200000
274.600000
270.200000
271.400000
266.800000
252.000000
237.000000
234.400000
220.600000
204.800000
194.600000
194.000000
202.400000
210.200000
228.400000
247.800000
265.000000
283.400000
289.200000
291.600000
286.000000
278.800000
268.000000
254.600000
250.000000
244.400000
247.800000
252.400000
261.200000
255.600000
239.400000
223.200000
197.000000
191.400000
196.400000
192.600000
200.000000
213.000000
250.600000
274.200000
295.800000
309.000000
314.600000
317.200000
320.000000
319.000000
317.600000
309.400000
296.600000
278.600000
269.600000
267.400000
261.200000
260.000000
234.000000
221.000000
208.200000
205.600000
183.000000
179.600000
180.600000
196.600000
229.200000
264.800000
292.600000
312.600000
320.400000
317.400000
304.000000
319.200000
311.200000
301.400000
287.200000
267.200000
257.000000
264.800000
257.600000
248.800000
218.200000
216.200000
211.200000
196.400000
179.600000
165.000000
173.600000
189.000000
218.600000
269.200000
302.000000
323.200000
330.000000
333.200000
332.000000
326.800000
308.800000
298.200000
294.000000
287.400000
292.800000
303.200000
306.600000
289.000000
254.200000
219.200000
215.800000
203.000000
194.800000
189.400000
204.000000
226.800000
257.800000
294.000000
324.600000
329.400000
341.400000
349.000000
349.600000
335.800000
333.200000
320.800000
308.800000
290.800000
293.600000
289.000000
283.800000
272.200000
243.200000
219.800000
203.800000
192.200000
175.800000
161.600000
160.600000
174.400000
196.800000
232.200000
261.600000
280.400000
284.600000
293.600000
302.800000
300.800000
293.200000
283.000000
277.200000
273.600000
272.800000
269.800000
255.400000
248.400000
217.400000
206.200000
190.000000
189.800000
195.400000
192.000000
187.200000
189.400000
213.000000
237.800000
258.400000
272.400000
283.200000
271.200000
273.000000
268.800000
263.400000
255.200000
252.200000
256.200000
266.400000
274.000000
271.000000
252.800000
220.200000
200.400000
187.800000
174.200000
182.400000
191.000000
181.800000
190.800000
217.000000
256.600000
282.400000
288.200000
290.400000
286.400000
287.800000
266.200000
262.400000
256.600000
253.200000
252.800000
250.400000
259.800000
257.000000
239.800000
222.400000
217.600000
211.600000
196.200000
186.000000
173.600000
182.800000
205.200000
232.000000
257.800000
276.800000
278.400000
272.200000
270.600000
265.600000
253.200000
244.800000
229.400000
224.400000
222.000000
224.000000
226.000000
229.200000
224.200000
219.200000
194.000000
196.400000
179.000000
169.600000
163.000000
169.200000
181.600000
202.400000
247.000000
268.400000
284.800000
294.400000
288.800000
282.800000
272.400000
257.400000
238.800000
233.800000
228.000000
229.400000
232.400000
232.400000
221.000000
193.600000
192.800000
194.000000
187.400000
182.200000
172.400000
183.000000
194.800000
212.200000
235.600000
259.600000
266.600000
278.400000
286.600000
285.600000
276.000000
267.200000
258.800000
243.000000
232.400000
228.000000
208.750000
223.600000
213.400000
212.000000
200.200000
203.800000
203.400000
203.800000
197.800000
213.400000
256.000000
241.600000
259.200000
273.400000
282.200000
294.200000
300.600000
293.400000
293.000000
284.800000
278.200000
273.000000
263.400000
260.200000
260.400000
263.600000
256.600000
235.400000
215.800000
228.000000
187.400000
194.200000
199.000000
203.600000
224.200000
245.800000
263.000000
278.000000
289.000000
298.800000
298.400000
299.400000
288.800000
274.400000
