102.600000
98.200000
98.000000
97.600000
99.400000
126.000000
153.800000
183.000000
197.400000
213.200000
167.600000
146.200000
132.400000
113.600000
105.600000
120.200000
119.600000
136.600000
165.200000
166.400000
141.200000
107.400000
102.200000
82.400000
90.200000
90.400000
91.000000
85.200000
96.200000
124.400000
151.200000
182.800000
198.600000
186.200000
153.200000
144.800000
120.000000
116.800000
116.400000
111.200000
122.600000
133.400000
152.000000
178.000000
136.800000
141.000000
113.200000
115.000000
92.800000
87.200000
89.200000
88.800000
98.200000
128.800000
158.400000
202.000000
183.000000
168.600000
174.200000
161.600000
147.600000
139.200000
131.800000
133.800000
153.600000
176.000000
202.800000
212.400000
172.200000
147.200000
121.600000
104.000000
101.600000
87.000000
102.200000
115.600000
119.400000
117.000000
159.000000
168.200000
183.200000
167.000000
160.400000
143.600000
126.600000
117.000000
113.800000
131.800000
139.600000
154.600000
170.000000
179.800000
149.000000
127.200000
125.400000
117.800000
103.400000
140.250000
115.400000
111.400000
115.600000
135.000000
164.200000
192.000000
178.400000
164.800000
159.000000
148.600000
143.400000
123.400000
119.400000
116.600000
123.600000
135.800000
152.800000
175.800000
166.800000
131.000000
117.800000
105.600000
109.200000
116.200000
103.400000
101.600000
107.600000
121.000000
149.800000
165.600000
158.600000
144.800000
121.800000
124.600000
114.200000
114.600000
110.200000
130.000000
131.800000
136.600000
186.200000
195.400000
147.400000
122.000000
119.600000
109.800000
110.000000
108.200000
110.200000
105.000000
120.000000
143.400000
174.400000
183.800000
186.000000
185.000000
171.200000
164.800000
155.800000
140.500000
147.800000
153.400000
169.400000
191.500000
239.000000
244.000000
205.200000
184.800000
163.200000
144.400000
114.800000
109.600000
100.000000
102.800000
108.600000
139.000000
145.800000
179.200000
180.400000
169.000000
158.800000
149.200000
135.600000
118.000000
120.000000
122.800000
118.400000
135.800000
172.400000
177.600000
139.600000
165.200000
114.400000
114.000000
108.600000
106.600000
105.200000
106.800000
112.800000
118.200000
146.200000
193.200000
197.800000
209.200000
205.600000
189.600000
182.400000
159.800000
168.800000
181.800000
191.400000
196.800000
231.200000
225.000000
219.200000
175.000000
143.200000
137.600000
130.200000
128.400000
126.800000
124.000000
135.200000
153.200000
180.800000
204.000000
190.200000
194.200000
190.400000
183.400000
162.200000
150.800000
150.200000
135.600000
149.200000
157.800000
193.200000
178.400000
188.600000
143.600000
144.400000
130.400000
130.400000
128.400000
125.400000
129.800000
129.000000
137.200000
158.800000
189.200000
191.600000
187.400000
165.200000
147.200000
135.600000
131.000000
132.200000
123.600000
130.000000
139.200000
151.000000
157.200000
147.000000
133.400000
128.800000
109.800000
102.000000
107.600000
102.400000
117.600000
111.200000
121.600000
140.000000
152.200000
159.000000
161.400000
153.600000
136.200000
129.600000
119.000000
107.600000
101.600000
103.800000
111.200000
120.000000
130.200000
121.000000
112.800000
100.800000
116.800000
104.200000
105.400000
97.400000
103.400000
100.600000
114.800000
130.800000
137.200000
152.200000
129.800000
122.200000
115.000000
102.200000
103.500000
97.800000
98.400000
97.000000
113.000000
124.200000
138.800000
147.200000
119.200000
110.600000
111.000000
95.000000
97.800000
100.400000
103.800000
113.600000
129.000000
146.800000
147.200000
137.400000
140.600000
129.200000
113.400000
104.000000
101.600000
105.800000
108.400000
110.200000
117.600000
141.000000
145.600000
134.200000
145.800000
130.800000
124.000000
117.800000
126.600000
110.800000
107.600000
110.200000
136.800000
137.200000
156.200000
171.000000
152.000000
167.000000
143.000000
140.000000
123.000000
142.000000
124.000000
134.000000
134.000000
165.000000
171.000000
152.000000
145.000000
130.000000
115.000000
109.000000
103.000000
95.000000
114.000000
109.000000
